rate = [0,0.05,0.1,0.15,0.2,0.25,0.3,0.35,0.4,0.45,0.5,0.55,0.6,0.65,0.7,0.75]
van = [20,17.84453125,15.11525359,12.41743304,9.984959856,7.8833408,6.10530438,4.615592946,3.371477548,2.331654591,1.459635218,0.724594706,0.101119801,-0.431458277,-0.889826565,-1.287410813]
